0
1
10005
10015
10017
10019
10020
10023
10024
10025
10026
10031
10033
10034
10038
10040
10041
10043
10052
10060
10063
10064
10065
10066
10067
10072
10076
10077
10080
10081
10082
10086
10088
10091
10092
10093
10094
10096
10097
10098
10099
10100
10101
10108
10110
10114
10120
10134
10135
10136
10140
10141
10142
10143
10145
10147
10148
10149
10154
10164
10165
10167
10170
10173
10174
10177
10178
10179
10180
10181
10182
10183
10185
10186
10192
10199
102
10201
10203
10204
10206
10208
10209
10210
10211
10212
10214
10216
10217
10219
10220
10222
10223
10224
10225
10226
10227
10228
10230
10233
10234
10236
10237
10239
10240
10242
10243
10245
10246
10248
10249
10250
10251
10252
10253
10254
10255
10256
10258
10259
10260
10261
10262
10265
10266
10268
10269
10271
10273
10274
10275
10276
10278
10280
10281
10282
10283
10284
10285
10286
10287
10289
10292
10293
10295
10296
10297
10299
103
10301
10303
10305
10307
10308
10309
10310
10313
10314
10316
10318
10320
10321
10323
10324
10325
10327
10328
10330
10332
10333
10335
10338
10340
10342
10344
10345
10346
10347
10348
10350
10352
10353
10354
10356
10357
10359
10360
10361
10363
10365
10366
10367
10369
10370
10371
10373
10374
10376
10377
10379
10380
10382
10384
10387
10392
10394
10396
10398
104
10401
10404
10405
10406
10409
10411
10412
10414
10415
10416
10417
10419
10421
10422
10423
10424
10425
10426
10427
10429
10442
10443
10444
10448
10449
10450
10451
10452
10453
10454
10455
10456
10457
10458
10459
10460
10461
10462
10463
10465
10466
10467
10471
10472
10473
10474
10475
10476
10477
10478
10479
10480
10481
10482
10484
10485
10488
10490
10491
10495
10497
10498
10499
10500
10501
10502
10505
10507
10509
10511
10512
10513
10514
10515
10516
10517
10518
10519
10521
10522
10525
10526
10527
10528
10530
10535
10536
10537
10538
10539
10540
10542
10544
10546
10547
10558
10559
10560
10561
10562
10563
10565
10567
10568
10569
10570
10571
10572
10573
10574
10575
10576
10577
10578
10580
10585
10586
10587
10589
10590
10592
10593
10595
10596
10597
10598
10599
106
10600
10601
10602
10603
10604
10605
10606
10607
10608
10609
10610
10612
10614
10615
10618
10622
10624
10626
10627
10629
10631
10632
10634
10635
10636
10637
10638
10640
10641
10643
10645
10648
10650
10651
10660
10662
10663
10664
10665
10666
10667
10670
10671
10672
10674
10675
10680
10684
10685
10686
10687
10688
10689
10690
10691
10694
10695
10697
10698
10699
10701
10703
10706
10708
10709
10710
10712
10713
10714
10718
10719
10720
10721
10723
10724
10725
10726
10727
10731
10741
10742
10743
10759
10780
10783
10786
10788
10795
10798
10799
108
10801
10803
10812
10813
10814
10821
10822
10823
10825
10826
10827
10828
10831
10833
10834
10835
10837
10838
10839
10841
10842
10843
10844
10846
10849
10853
10856
10857
10858
10859
10860
10861
10863
10864
10865
10866
10867
10868
10869
10870
10871
10873
10876
10879
10884
10885
10886
10889
10890
10893
10894
10895
10897
10898
10899
109
10900
10901
10902
10903
10904
10905
10906
10907
10909
10910
10911
10912
10916
10918
10920
10921
10922
10924
10925
10926
10928
10931
10932
10933
10936
10943
10945
10948
10950
10953
11
110
11008
111
11102
11103
11105
11106
11107
11109
11110
11111
11112
11113
11114
11115
11116
11117
11119
11120
11121
11122
11123
11124
11127
11128
11129
11130
11131
11132
11133
11134
11135
11136
11137
11138
11139
11140
11141
11142
11143
11144
11145
11146
11150
11153
11154
11155
11156
11157
11158
11159
11160
11161
11162
11163
11164
11165
11166
11167
11168
11169
11171
11172
11174
11175
11176
11177
11178
11179
11180
11182
11183
11184
11192
11194
11219
11224
11225
11226
11230
11231
11232
11233
11234
11235
11236
11237
11238
11242
11243
11245
11246
11251
11253
11259
11261
11262
11263
11264
11267
11269
11271
11272
11275
11276
11277
11280
11282
11283
11285
11286
11287
11288
11289
11290
11291
11294
11298
11299
113
11302
11303
11304
11305
11306
11308
11309
11310
11311
11312
11313
11314
11316
11318
11320
11321
11322
11325
11326
11333
11336
11344
11346
11347
11348
11350
11352
11354
11356
11357
11360
11361
11362
11363
11365
11403
11404
11406
11417
11418
11419
11421
11424
11427
11428
11435
11436
11437
11449
11450
11451
11484
11485
11487
11488
11489
11491
11492
11493
11494
11496
11498
11499
115
11500
11502
11503
11504
11505
11506
11507
11508
11509
11510
11511
11512
11513
11515
11516
11517
11526
11528
11529
11531
11540
11546
11547
11566
11569
11570
11571
11572
11573
11576
11584
11590
11592
11594
11596
11598
116
11607
11608
11609
11610
11611
11635
11643
11645
11646
11647
11651
11669
11670
11672
11674
11675
11676
11677
117
11704
11705
11707
11708
11711
11712
11713
11716
11732
11736
11739
11750
11752
11755
11756
11759
11760
11761
11767
11773
11774
11783
11784
11788
11790
11791
11798
11799
118
11800
11806
11813
11817
11818
11821
11826
11827
11828
11829
11830
11831
11833
11836
11837
11838
11843
11844
11847
11848
11849
11854
11859
11860
11862
11864
11866
11888
11891
11892
11893
11894
11895
11899
11908
11909
11910
11913
11919
11922
11923
11925
11927
11928
11929
11930
11931
11933
11934
11936
11940
11941
11942
11943
11944
11945
11946
11947
11949
11950
11951
11953
11955
11959
11964
11965
11966
11967
11969
11971
11979
11980
11981
11982
11983
11985
11986
11987
11988
11989
11990
11991
120
122
123
12385
12386
12387
12388
12389
12390
12391
12392
12393
12394
12395
12396
12397
12398
12399
124
12401
12403
12404
12405
12406
12407
12409
1241
12410
12411
12412
12414
12415
12416
12426
12427
1243
12430
12432
12433
12435
12436
12437
12438
12439
1244
12440
12442
12443
12444
12448
1245
12451
12452
12453
12454
12457
12460
12461
12462
12463
12468
12469
12470
12472
12476
12479
12480
12481
12482
12485
12487
12488
12489
12490
12491
12492
12498
125
12502
12508
12510
12512
12515
12516
12518
12519
12521
12525
12526
12527
12529
12530
12534
12538
12539
1254
12549
1255
12550
12551
12553
12555
12556
12557
12558
12559
12560
12565
12566
12569
1257
12573
12575
12576
12578
1258
12580
12582
12583
12585
12588
12590
12593
12594
126
12604
12606
12609
1261
12611
12616
12618
12621
12622
12625
12626
1263
12630
12631
12632
12633
12634
12635
12636
1264
12642
12643
12645
12646
12648
1265
12651
12653
12655
12656
12657
12658
12659
1266
12661
12663
12664
1267
12678
12679
1268
12680
12681
12682
12685
12691
12692
12694
12697
12698
12699
127
12701
12703
12705
12706
12707
12708
12710
12714
12715
12719
12720
12722
12727
1273
12740
12747
12759
1276
12760
12761
12762
12763
12766
12767
12774
12775
12776
1279
12793
12795
12796
12797
128
1280
12809
12813
12814
12816
12817
12818
12819
1282
12821
12824
12826
12827
12830
12832
12836
12839
1284
12842
12844
12845
12846
12847
12853
12854
12855
12856
12857
12858
12859
12861
12862
12863
12864
12867
1287
12876
12877
12879
1288
12880
12887
12888
12889
12891
12892
12894
12895
129
1290
12912
12914
12916
12919
12921
12922
12923
12924
1294
12943
12946
12948
12949
1295
12950
12951
12952
12954
1296
12972
12973
12974
12978
12979
12980
12982
12983
12985
1299
12994
12995
12997
12998
13
13000
13001
13004
13008
13009
1301
13011
13026
13027
13037
13039
13040
13042
13046
13047
13049
1305
13052
13056
1306
13061
13062
13063
13064
13065
13066
13068
13069
1307
13070
13071
13072
13073
13074
131
1310
13133
13134
13136
13138
13141
13142
13144
13145
13146
13147
1317
1320
13202
13203
13204
13205
13220
13224
13227
1323
13231
13232
1324
13243
13244
13247
13249
13252
13268
13269
13270
13273
13275
1328
13282
13287
13288
13289
1329
13291
13292
13294
13296
13298
13299
133
1330
13300
13302
13303
13304
13307
13309
13311
13313
13327
13329
13332
13333
13335
13337
13338
13339
13340
13341
13342
13344
13347
1335
13350
13351
13352
13353
13354
13356
13357
13359
13360
13361
13364
13365
13368
13369
1337
13370
13371
13372
13373
13380
13381
13382
13383
13385
13386
13388
13389
13392
13393
13394
13395
13396
13397
13399
134
13401
13402
13403
13404
13407
13408
13409
13413
1342
1343
13437
13438
1344
13448
13449
13452
13453
13454
13460
1347
1348
13505
13506
13507
1351
13510
13512
13513
13514
13517
13519
1352
13520
13521
13523
13525
13526
13528
13529
1353
13530
13531
13532
13533
13538
13539
13540
13541
13542
13543
13545
13552
13554
13555
13560
13561
13562
13563
13564
13565
13566
13567
13568
13569
13570
13571
13572
13575
13576
13578
13580
13581
13583
13584
13585
13586
1359
13590
13594
13595
13596
13616
13618
13628
13629
1363
13630
13631
13632
13633
13635
13636
13637
13641
13642
13643
13644
13645
13647
13648
13650
13651
13652
13653
13654
13655
13657
13658
13663
13666
1368
13687
13689
13690
13692
13693
13694
13695
13696
13697
13698
13700
13701
13704
13705
13707
13712
13716
13718
13719
13721
13722
13723
13724
13725
13727
13728
13729
13730
13731
13735
13738
13741
13742
13743
13747
13750
13751
13756
1376
13762
13763
13765
13767
13768
13769
13770
13771
13772
13773
13774
13775
13776
13777
1378
13781
13782
13783
13784
13786
13788
13791
13793
13795
13796
13799
138
1380
13800
13801
13802
13804
13805
13807
1381
13810
13811
13812
13813
13815
13816
13819
1382
13822
13823
13824
13826
13827
13828
13830
13831
13832
13833
13834
13836
13838
1384
13841
13842
13844
13845
13847
13848
13849
13850
13854
13855
13856
13857
13859
13863
13865
13866
13873
13874
13875
13877
13878
13879
1388
13884
13888
13889
13893
13894
13895
13896
13898
13899
139
13900
13903
13904
13905
13906
13907
13909
13910
13913
13914
13915
13916
13917
13918
13919
13921
13922
13924
13926
13928
13930
13933
13934
13936
13937
13939
1394
13940
13941
13943
13945
13946
13948
1395
13950
13952
13953
13954
13956
13959
1396
13960
13962
13963
13964
13965
13967
13968
1397
13970
13971
13972
13975
13976
13979
13980
13982
13983
13985
13986
13987
1399
13990
13996
13997
13999
14
14000
14006
14007
14008
14011
14015
14016
1402
14020
14021
14023
14024
14025
14026
14045
14047
14050
14052
14054
14055
14057
14058
14059
14060
14067
14068
1407
14070
14072
14073
14076
14077
14084
14085
14087
14089
14090
14092
14093
14094
14096
14100
14101
14102
14103
14105
14106
14108
14109
14110
14111
14114
14115
14116
14117
14119
1412
14121
14122
14123
14126
14127
14128
14129
1413
14130
14131
14132
14138
14139
1414
14141
14142
14143
14145
14148
14149
14150
14151
14152
14153
14154
14155
14156
14157
14158
14159
1416
14160
14161
14162
14166
14167
14172
14176
14177
14182
14183
14184
14185
14186
14187
14188
1419
14190
14191
14193
14195
14196
14197
14198
14199
142
1420
14200
14201
14204
14205
14207
1421
14210
14211
14213
14216
14217
14218
14219
14220
14221
14222
14224
14225
14226
14227
14229
14230
14232
14238
14239
14240
14241
14243
14245
14247
14248
1425
14250
14251
14252
14253
14254
14255
14256
14259
14261
14263
14264
14265
14267
14269
14271
14272
14273
14274
14277
14278
14279
14280
14282
14283
14284
14285
14287
14288
14289
14291
14292
14293
14295
14297
14299
14300
14302
14303
14304
14305
14306
14307
14309
14310
14311
14312
14314
14316
14317
14319
14320
14321
14322
14323
14324
14326
14328
14329
14330
14331
14332
14334
14335
14336
14337
14338
14339
14340
14341
14342
14344
14345
14346
14347
14349
1435
14355
14356
14357
14358
14360
14362
14363
14371
14372
14373
14376
14377
14378
1439
14391
14392
14393
14394
14395
14397
144
1440
14407
14408
14409
1441
14410
1442
1444
1446
1447
14476
14478
14486
14488
145
1451
14511
14517
14518
1452
14522
14524
14526
14528
14529
14530
14531
14532
14533
14534
14535
1454
14542
14543
14544
14545
14546
14552
14554
14555
14556
14558
1456
14560
14562
14563
14564
14565
14566
1457
14574
14578
14579
1458
14582
14585
14586
14590
14595
146
1460
14616
1462
14626
1463
14635
14639
1464
14640
14641
14643
14645
14646
14652
14655
14656
14657
14661
14662
14663
14664
14669
14670
14674
14677
14678
1468
14680
14681
14682
14684
14693
14695
14696
14697
14698
14699
1470
14700
14701
14705
14707
14711
14712
14713
14714
14715
14718
14719
14722
14725
14726
14729
14731
14733
14734
14736
14737
14738
14741
14743
14744
14749
1475
14750
14754
14755
14756
14758
1476
14761
14762
14763
14764
14769
1477
14770
14772
14776
14778
1478
14780
14781
14783
14784
14785
14787
14789
14791
14794
14795
14798
14799
148
1480
14800
14802
14804
14805
14806
14807
14809
1481
14813
14815
14818
14821
14822
14823
14825
14826
14828
14829
1483
14830
14831
14832
14833
14834
14835
14836
14837
14839
1484
14840
14841
14849
1485
14851
14852
14853
14854
14855
14856
14857
14858
1486
14862
14863
14866
14867
14868
14869
14870
14872
14874
14875
14876
14877
14878
14879
1488
14880
14881
14883
14885
14886
14888
14889
14890
14891
14892
14893
14894
14895
14896
14898
14899
1490
14903
14905
14906
14908
14909
1491
14910
14911
14912
14913
14915
14916
14917
14918
14919
1492
14920
14921
14924
14927
1493
14932
14935
14938
14939
1494
1495
1496
15
150
1500
1506
1509
151
1510
1511
1513
1515
1518
1519
152
1520
1521
1523
1529
1534
1536
154
1540
1544
1547
1550
1551
1552
1557
1558
156
1560
1567
157
1570
1571
1572
158
1581
1582
1583
1584
1585
1587
159
1592
16
1600
1601
1604
1606
1607
1608
1609
161
1610
1611
1612
1614
1616
1619
162
1620
1621
1622
1624
1625
1627
1628
1629
1631
1632
1633
1634
1635
1639
1643
1644
1645
1647
1649
1650
1653
1654
1656
1657
1658
1660
1661
1662
1663
1664
1668
1674
1675
1692
1701
1705
1707
1709
1710
1711
1712
1713
1714
1717
1719
1720
1722
1728
1731
1734
1735
1739
1741
1742
1743
1744
1745
1746
1748
1749
1751
1754
1766
177
1770
1778
1779
178
1780
1782
1785
1788
179
1793
1795
1799
18
180
1801
1803
1805
1806
1809
181
1812
1814
1815
1816
1817
1819
182
1822
1823
1825
1826
1827
1829
183
1830
1831
1832
1833
1837
184
1841
1842
1843
1844
1849
185
1852
1854
1863
1865
1866
1867
1868
1869
187
1870
1874
1875
1876
1877
1878
1879
188
1880
1881
1882
1883
1887
1888
189
1890
1891
1894
1895
1896
1897
19
1901
1902
1904
1905
1906
191
1913
1914
1915
1918
1920
1922
1923
1924
1925
1926
1928
193
1935
1937
1938
194
1943
1944
1945
1946
1950
1952
1953
1954
1955
1956
1957
1958
196
1961
1963
1964
1965
1967
1968
197
1971
1972
1973
1974
198
1983
1985
1987
199
1991
1993
1997
1999
2
20
2000
2005
2014
2017
2018
202
2020
2021
2022
2027
2029
203
2030
2036
2043
2049
205
2050
2054
2055
2057
2058
2059
2060
2061
2063
2064
2065
2067
2068
2069
207
2070
2073
2074
2077
2079
208
2080
2081
2082
2083
2084
2085
2089
2090
2093
2094
2095
2097
2098
21
210
2100
2101
2103
2105
2106
2108
211
2110
2111
2112
2113
2116
2117
212
2123
2124
2127
2128
213
2133
2137
2141
2143
2155
2158
2160
2161
2162
2163
2168
2169
217
2170
2171
2172
2173
2174
2175
2176
2178
2179
218
2181
2186
2187
2189
219
2190
2191
2194
2195
2196
2197
220
2200
2203
2204
2206
2207
221
2211
2215
2218
2220
2225
2228
223
2230
2243
2244
2245
2247
2252
2254
2255
2256
226
2265
2266
2267
2269
227
2270
2273
2274
2275
2276
2277
2278
2279
2281
2282
229
23
231
232
233
2334
234
2357
236
2361
2363
2364
2365
2377
2378
2379
238
2380
2381
2382
2383
2384
239
2392
24
240
2400
2401
2402
2405
2406
2407
242
2427
243
2433
2434
2435
2438
2439
2440
2445
2447
2448
2449
245
2450
2451
2452
2453
2454
2456
2457
2459
246
2460
2462
2463
2472
2474
2475
2476
2477
2479
248
2480
2481
2483
2484
2485
2486
2488
249
2490
2495
2496
2497
2500
2509
2510
2519
252
2523
2530
2536
2539
254
2540
2542
2544
2545
2554
2555
256
2560
2563
2566
2568
2569
2570
2577
2578
2580
2581
2582
2583
2585
2586
2587
2589
2590
2591
2592
2593
2594
2595
2596
2597
2598
2599
26
260
2600
2601
2603
2604
2605
2606
2607
2608
2609
261
2610
2611
2612
2613
2614
2615
2616
2617
2618
2619
262
2621
2622
2623
2624
2625
2626
2627
2629
2631
2636
264
2643
2646
2649
265
2654
2657
266
2660
2666
267
2676
2677
2678
268
2680
2687
2688
2689
269
2690
2691
2692
2693
2694
2695
2698
27
270
2700
2701
2702
2706
2712
2713
2714
2716
2718
2719
2720
2725
2726
2727
2728
2729
2730
2733
2738
2739
274
2741
2742
2743
2744
2745
2746
2748
2749
275
2750
2751
2752
2753
2754
2757
2761
2762
2763
2769
277
2770
2772
2773
2774
2776
278
2781
2782
2783
2784
2785
2786
2788
2789
279
2790
2791
2792
2793
2794
2795
2797
28
280
2803
2806
2807
2808
2809
281
2812
2814
2815
2816
2817
282
2820
2821
2822
2825
2828
2830
2831
2832
2833
2837
2839
284
2841
2844
2846
2847
2850
2855
2857
2859
286
2868
287
2872
2874
2879
288
2880
2883
2885
2888
2889
2890
2891
2892
2894
2895
2896
2897
2899
2900
2902
2904
2906
2910
2914
2919
2922
2924
2925
2929
2930
2931
2934
2937
2938
2941
2943
2945
2946
2950
2953
2959
296
297
2972
2975
2978
2979
298
2986
2988
299
2991
2992
2994
2997
2999
3
30
300
3000
3001
3002
3004
3005
3006
3008
3009
301
3010
3011
3012
3013
3014
3015
3017
3018
302
3020
3022
3023
3025
303
3031
3033
3037
3039
304
3040
3045
3050
3052
3053
3054
3056
3058
3059
306
3062
3063
3065
307
3072
3074
3076
3077
3079
308
3081
3083
3086
309
3093
3094
3095
3096
3099
31
310
3101
3103
3104
3105
3106
3108
3113
3114
3116
3117
3118
3119
3121
3122
3123
3124
3125
3127
3128
3129
3130
3131
3132
3133
3134
3135
3136
3137
3138
3139
3140
3141
3143
3144
3146
3148
3149
3151
3152
3155
3159
3164
3169
317
3170
3172
3175
3176
3179
3181
3183
3184
3185
3187
3188
3191
3195
3196
3197
3198
3199
32
3201
3202
3204
3205
3206
3208
3209
3211
3212
3213
3214
3215
3216
3217
3218
3219
3220
3221
3222
3225
3227
3231
3235
3236
3237
3238
3240
3243
3244
3247
3248
3249
325
3250
3254
3257
3258
3259
326
3260
3261
3262
3263
3264
3265
3267
3269
3270
3271
3272
3273
3274
3277
3278
3279
328
3280
3281
3282
3283
3285
3287
3288
3289
329
3290
3291
3292
3294
3295
3296
3297
3298
33
330
3300
3302
3307
331
3312
3315
3317
3318
332
3320
3321
3322
3323
3324
3325
3328
3334
3337
3339
334
3340
3341
3342
3344
3345
3346
3347
3348
3349
335
3350
3351
3353
3355
3356
3357
3358
3359
336
3360
3361
3362
3363
3365
3366
3368
3371
3375
3379
338
3380
3385
3388
3389
3392
3393
3395
3396
3399
34
3400
3401
3402
3403
3404
3405
3407
341
3413
3415
3416
3417
3420
3423
3424
3428
3429
343
3430
3431
3439
3442
3444
3452
3454
3458
3460
347
3470
3471
3473
3476
3477
3478
3479
348
3480
3481
3482
3484
3485
3486
3487
3488
349
3490
3497
35
350
3500
3508
351
3513
3515
352
3520
3525
3528
353
3534
3537
3540
3543
3544
3545
3548
3550
3554
3555
3556
3557
3561
3567
3568
3569
3571
3574
3575
3576
3579
358
3585
3587
3589
359
3594
36
3601
3603
3607
3609
361
3614
3624
3626
3627
363
3631
3633
3637
3638
3639
364
3640
3643
3645
3648
365
3651
3652
3653
3655
3656
3657
3658
3659
3661
3686
3688
3699
37
3705
3706
371
3712
3714
3718
372
3723
3726
3731
3737
3739
374
3741
3742
3746
3747
3749
3751
3752
3755
3756
376
3770
3774
3775
3776
3779
3780
3781
3795
3796
38
380
3800
3801
3802
3803
3810
382
3822
3824
3825
3828
3830
3831
3832
3834
3837
3838
3839
3841
387
3874
3878
388
3880
3881
3882
3883
3885
3886
3888
3889
3890
3892
3894
3896
3897
3898
39
3900
3901
3902
3903
3904
3905
3906
3908
3909
3910
3911
3913
3915
3916
3918
3919
3920
3922
3927
3928
3939
3946
3954
3957
3958
396
3961
3963
3964
3968
3975
3976
3980
3982
3989
3991
3994
3998
4
40
400
4001
4003
4008
4014
4023
404
4045
4046
4048
4049
4050
4051
4052
4053
4054
4055
4056
4057
4058
4061
4063
4064
4065
407
4074
4076
4079
4080
4084
4085
4086
4087
4088
4089
409
4090
4091
4092
4093
4101
4102
4104
4105
4108
4110
4111
4112
4114
4116
4117
4118
4123
4126
4127
4128
4130
4131
4134
4136
4137
4138
4140
4141
4142
4143
4148
4153
4154
4158
4159
4160
4161
4162
4163
4164
4165
4166
4168
4170
4171
4173
4175
4176
4179
418
4181
4182
4183
4184
4187
4189
4191
4192
4194
4196
4199
42
420
4204
4206
4207
4208
4211
4212
4213
4214
4216
4217
422
4222
4223
4224
4225
4226
4227
4228
423
4230
4231
4232
4234
4236
4237
4239
4240
4242
4243
4245
4248
4249
426
4261
4266
4268
4270
428
4294
4298
430
4300
431
4310
4311
4314
4318
4321
4325
4328
4331
4334
4335
4336
4338
4339
4343
4345
4346
4347
4348
436
4365
4366
437
438
4385
4388
4389
439
4391
440
4406
4407
4411
4416
4418
442
4420
4436
4441
4442
4453
4454
4456
4458
4459
4461
4462
4463
4464
4465
4467
4468
447
4475
4480
4492
450
4500
4506
4507
4508
451
4511
4513
4514
4515
4518
4519
452
4523
4530
4531
4532
4533
4534
4535
4537
4542
4543
4544
4545
4548
4549
4550
4551
4552
4553
4555
4556
4557
4559
4560
4561
4562
4563
4564
4565
4566
4567
4569
457
4570
4571
4573
4575
4577
4578
458
4580
4581
4584
4586
4587
4588
4589
459
4590
4591
4593
4595
4599
460
4600
4603
4604
4605
4606
4609
4613
4616
4617
4618
463
4631
4639
465
466
468
4683
4686
4688
4689
4690
4691
4692
4693
4694
4696
4697
4698
4705
4707
4709
4710
4712
4713
4714
4715
4718
4720
4721
4724
4725
4726
4727
4728
4729
473
4731
4732
4733
4740
4741
4743
4746
4748
4749
4844
4847
4848
4852
4855
4856
4861
4862
4863
4867
4868
4869
4873
4877
4878
4879
488
4880
4881
4882
4883
4885
4886
4888
4889
489
4893
4895
4896
4897
4898
4899
4900
4901
4902
4903
4905
4906
4907
4909
4910
4911
4914
4918
4921
4923
4924
4926
4927
4928
4929
4930
4931
4938
4943
4944
4945
4947
4949
4950
4951
4954
4959
4962
4967
4968
4969
4970
4972
4974
4975
4976
4977
4978
4981
4982
4983
4984
4985
4990
4991
4992
4993
4994
4995
4997
4998
4999
5
5001
5002
5003
5007
501
5011
5013
5014
5018
5019
5022
5023
5025
5026
5029
5032
504
5045
5047
5049
5051
5052
5053
5054
5055
5059
5060
5063
5064
5066
5071
5072
5074
5079
5081
5084
5085
5089
5092
5093
5095
5096
5098
5099
5100
5101
5102
5104
5105
5109
5110
5111
5113
5114
5116
5119
5120
5121
5122
5123
5124
513
5131
5132
5133
5139
5140
5141
5144
5145
5148
5152
5153
5154
5159
5161
5162
5164
5165
5166
5169
517
5171
5175
5177
5178
5182
5183
5184
5186
5187
5190
5191
5192
5193
5199
5205
5206
5216
5221
5224
5226
523
5236
5237
5240
5242
5244
5247
5248
525
5251
5253
5254
5255
5259
526
5261
5263
5264
5265
5266
5267
5269
527
5270
5272
5273
5280
5282
5285
5286
5288
529
5290
5293
5294
5302
5303
5305
5307
5308
5309
531
5312
5315
5316
5318
5319
5321
5322
5323
5326
5327
5328
5329
5330
5331
5333
5334
5335
5336
5337
5338
5339
534
5340
5341
5342
5343
5344
5345
5346
5348
5349
5350
5351
5352
5353
5354
5355
5356
5357
5358
5359
536
5360
5363
5364
5365
5370
5371
5372
5373
5376
538
5380
5381
5384
5388
5389
5396
540
5400
5401
541
5411
5415
5416
5418
5419
542
5421
5425
5427
5428
543
5431
5432
5433
544
5442
5443
5444
5446
5447
545
5451
5452
5453
5454
5455
5456
5461
5466
5468
5474
5475
5476
5477
5479
548
5481
5483
5485
5486
5487
5488
5489
5490
5491
5492
5493
5496
5497
5498
5501
5502
5504
5506
5508
5529
553
5530
5534
5536
5538
5539
554
5540
5543
5544
5545
5548
5549
5550
5551
5553
5554
5555
5556
5557
5559
5561
5562
5563
5564
5566
5568
557
5570
5571
5573
5574
5575
5577
5578
5579
5581
5582
5583
5586
5587
5588
5589
559
5590
5591
5593
5594
5596
5601
5603
5604
5606
5608
561
562
563
565
5692
5693
5695
5696
5698
570
5703
5710
5711
5713
5725
5727
5733
5734
5736
5738
5740
5742
5747
5749
5750
5752
5753
5756
5760
5762
5763
578
5780
5786
5792
5795
5796
5797
58
580
5800
5806
5808
5813
5814
5816
5819
5820
584
5850
5855
5856
5860
5863
5865
5866
5867
5869
587
5872
5874
5875
5878
5879
588
5881
5882
5883
5884
5885
5886
5887
5888
5889
5890
5891
5892
5893
5894
5895
5896
5897
5898
5899
5900
5901
5904
5905
5906
5907
5908
5910
5911
5913
592
5925
5926
5927
5928
5929
5930
5931
5933
5934
5937
5938
5939
594
5940
5944
5950
5954
5958
5961
5962
5963
5967
597
5973
5976
5979
598
5985
599
5990
5991
5993
5994
5995
6
600
6000
6006
6010
6016
6017
6021
6022
6024
6025
6026
6027
6028
6029
6030
6031
6033
6034
6038
6039
6041
6042
6045
6047
6048
6049
6050
6051
6052
6053
6054
6055
6056
6058
6059
6060
6061
6064
6065
6066
6067
6068
6069
6072
6073
6074
6077
6080
6082
6083
6085
609
6090
6091
6092
6093
6095
6096
6098
61
6100
6101
6104
6106
6107
6109
6110
6111
6112
6114
6115
6117
6118
6119
6121
6122
6123
6128
613
6131
6133
6135
6136
6138
6139
614
6140
6141
6144
6146
6147
6148
6149
6150
6151
6152
6153
6154
6155
6156
6157
6158
6159
6160
6161
6162
6163
6164
6166
6167
617
6170
6171
6172
6173
6175
6176
6177
6178
6179
6182
6183
6185
6186
6187
6188
619
6191
6192
6193
6194
6195
6196
6198
6199
6200
6201
6202
6203
6204
6208
6209
6210
6211
6212
6215
6216
6218
6219
6220
6221
6222
6223
6224
6225
6226
6227
6228
6236
6237
6239
6250
6252
6253
6256
6264
6265
6267
6271
6272
6273
6274
6275
6276
6277
6278
6281
6282
6283
6284
6285
6286
6287
6288
6289
6290
6292
6293
6294
6295
6296
6297
6298
63
6302
6303
6306
6307
6308
6309
6310
6311
6312
6313
6315
6316
6320
6321
6322
6323
6325
6328
6337
6338
6340
6342
6345
6346
6359
6360
6363
6364
6365
6366
6367
6369
637
6372
6373
6374
6376
6377
6382
6384
6386
6387
6388
6389
6390
6391
6392
6400
6401
6406
6408
6414
6422
6423
6424
6426
6433
6434
6435
6436
6437
6438
6439
6440
6441
6442
6443
6444
6446
6447
6450
6451
6455
6456
646
6466
6467
6468
647
6471
6473
6474
6476
6479
648
6480
6481
6482
6486
6487
649
6490
6492
6494
6495
65
6505
6506
6507
6508
6509
651
6513
6514
6515
6516
6517
6518
6519
6524
6525
6527
6528
6529
6530
6532
6533
6535
6536
6539
6540
6542
6543
6544
6545
6547
6548
6549
655
6550
6551
6554
6555
6557
6558
6559
6560
6561
6567
6568
6569
657
6571
6573
6574
6575
6578
658
6580
6581
6582
6583
6584
6585
6589
6593
6602
6603
6604
6605
6606
6607
6608
6609
6611
6612
6615
6617
6619
6626
6627
6628
6629
6630
6631
6632
6633
6634
664
6640
6641
6642
6643
6644
6645
6647
6648
6649
6651
6652
6654
6655
6656
6657
6658
666
6660
6662
6663
6664
6665
6667
6669
6671
6673
6675
6677
6678
6679
6682
6683
6684
6686
6688
6689
6691
6692
6696
6697
67
6702
6706
6707
6708
6709
6710
6711
6712
6714
6716
6717
6718
6720
6721
6724
6726
6728
6732
6736
6737
6738
6739
674
6742
6751
6753
6754
6755
6756
6758
6762
6763
6766
6771
6777
6779
6787
6792
6793
6794
6795
6796
6797
6799
680
6800
6801
6802
6803
6804
6807
6808
6809
6810
6811
6812
6813
6814
6817
6818
682
6821
6824
6825
6826
6827
6828
6829
683
6830
6831
6832
6833
6834
6835
6836
6837
6838
6839
6840
6843
6845
6846
6848
6850
6851
6852
6853
6855
6857
6859
686
6860
6861
6862
6865
6867
6868
687
6870
6871
6872
6873
6874
6875
6876
6877
6878
6880
6881
6883
6885
6887
689
6892
6893
6896
6898
6899
69
6901
6908
6910
6911
6913
6914
6915
6916
6917
6919
6920
6921
6922
6923
6924
6926
6929
693
6930
6931
6932
6933
6934
6935
6942
696
6964
6965
6966
6970
6973
6974
6977
6978
6979
6983
6985
6986
6988
6994
6995
6996
7
70
700
7002
7007
7012
702
7028
7030
7038
704
7044
7046
705
7067
7069
707
7074
7079
7080
7082
7086
7089
709
7094
7095
7096
7098
71
710
7100
7103
7104
7106
7109
7113
7115
7116
7118
7121
7126
7128
7130
7132
7135
7138
7142
7147
7148
7152
7158
7159
7160
7162
7171
7176
7179
718
7185
7188
7189
7191
7194
7198
72
7200
7201
7204
7205
7206
7208
7210
7218
7219
7221
7223
7224
7225
7228
7229
7230
7232
7235
7236
7237
7245
7246
7247
7249
725
7250
7252
726
7260
7261
7262
7266
727
7271
7272
7279
7282
7284
7286
7287
7288
7289
729
7291
7293
7297
7298
7299
73
7302
7303
7307
731
7312
7314
7317
7318
7321
7322
7323
7324
7327
7330
7331
7332
7333
7334
7335
7337
7338
7339
7340
7341
7342
7343
7345
7346
7348
7349
7350
7351
7355
7357
7359
7360
7361
7362
7363
7364
7365
7366
7367
7369
737
7370
7371
7372
7374
7375
7376
7377
7379
7380
7381
7382
7383
7385
7387
7388
7389
7390
7391
7392
7393
7394
7395
7396
7397
7398
7399
7400
7401
7402
7403
7404
7408
7409
7410
7411
7416
7417
7419
7420
7421
7422
7423
7424
7426
7428
7429
7431
7432
7433
7435
7436
7439
7440
7441
7443
7444
7445
7446
7447
7448
7449
7450
7451
7452
7453
7454
7455
7458
7459
7460
7462
7463
7464
7465
7466
7468
7470
7471
7473
7474
7476
7477
7481
7482
7483
7484
7487
7488
7491
7492
7493
7494
7495
7496
7497
7499
75
750
7500
7501
7502
7503
7504
7506
7507
7508
7509
7510
7511
7512
7513
7514
7515
7516
7518
7519
7520
7521
7523
7524
7526
7527
7529
7531
7533
7534
7536
7537
7539
7540
7541
7542
7543
7544
7545
7546
7547
7553
7558
7573
7575
7577
7579
7580
7581
7582
7583
7584
7586
7588
7589
7590
7591
7594
7596
7597
76
7607
7610
7611
7612
7618
762
7623
7624
7625
7626
7628
7629
7630
7631
7635
7637
7638
7639
764
7640
7642
7643
7645
7648
7649
765
7650
7652
7655
7656
7658
7661
7663
7664
7665
7668
7669
767
768
7697
7698
77
770
7702
7710
7720
7721
7722
7726
7739
7748
7751
7759
7769
7772
7773
7775
7779
7783
7785
7786
7791
7798
78
7800
7805
7806
781
7811
7813
7816
782
7822
7825
7827
7829
7832
7834
784
7848
7850
7851
7854
7857
7858
7863
787
7870
7872
7878
7881
7886
7891
7899
79
790
7900
7907
791
7911
7912
7913
7914
7918
7922
7923
7924
7927
7928
7929
793
7930
7931
7932
7935
7936
7937
7938
7939
794
7941
7942
7945
7948
7960
7964
7966
7969
7971
7973
7974
7975
7979
7980
7983
7984
7985
7986
7987
7988
7991
7993
7994
7995
7997
7999
8
80
8002
8009
801
8011
8012
8017
8018
8019
8020
8022
8023
8024
8026
8034
8035
8036
8039
804
8040
8044
8046
805
8057
8059
806
8061
8069
807
8072
8084
8088
8091
8093
8097
8099
810
8100
8101
8102
8103
8106
8108
8109
8110
8111
8112
8113
8114
8115
8116
8117
812
8121
8124
8126
8127
8129
8130
8133
8135
8137
8139
814
8142
8143
8144
8145
8146
8147
8148
8149
815
8150
8151
8152
8153
8154
8157
8158
8159
8160
8162
8163
8164
8165
8167
8169
8171
8172
8173
8174
8175
8182
8186
8187
8189
8193
8194
8196
8197
8198
8199
82
8200
8202
8208
8213
8215
8216
8217
8221
8222
8223
8224
8228
8232
8233
8249
825
8250
8251
8252
8253
8254
8255
8256
8257
8266
8267
8268
8269
8270
8272
8273
8275
8276
8279
8280
8281
8287
8288
8289
8292
8293
8294
8295
8296
8298
83
8301
8302
8304
8305
8306
8307
8308
831
8322
8324
8325
8327
8329
833
8332
8335
8338
8341
8342
8343
8345
8349
8351
8352
8354
8356
8357
8359
836
8362
8363
8364
8367
8372
8373
8374
8375
8376
8377
8378
8380
8381
8382
8383
8384
8385
8386
8387
8388
8389
839
8390
8391
8392
8394
8395
8398
8399
8406
8407
841
8411
8416
8422
8423
8425
8426
8427
8428
8430
8434
8436
8437
8438
8441
8444
8449
845
8450
8455
8456
8459
846
8462
8465
8466
8467
8471
8472
8474
8477
8478
8482
8483
8484
8485
8486
8487
8490
8496
8497
8498
85
8503
8506
8508
851
8511
8515
8517
8519
8528
8529
8530
8531
8532
855
8564
8568
8569
8573
8576
8577
8578
8579
8580
8581
8584
8585
8586
8587
8588
8590
8591
8592
8593
8594
8598
8600
8601
8602
8610
8612
8618
8625
8631
8634
8640
8645
8646
8648
8649
8651
8653
8654
866
8667
8668
8669
867
8671
8673
8674
8677
8680
8688
869
8691
8693
8697
8698
87
8700
8705
8709
8711
8712
8713
8714
8715
8716
8720
8721
8722
8723
8724
8725
8726
8727
8729
8730
8731
8734
8739
874
8746
8747
8748
875
8750
8751
8752
8753
8755
8756
8759
8760
8762
8764
8765
8769
877
8771
8774
8777
8778
8779
878
8781
8783
8784
8785
8786
8788
8789
879
8791
8792
8793
8798
8799
8801
8802
8804
8805
8806
8807
8808
8809
881
8813
8814
8815
8819
8820
8821
8825
8827
8828
8830
8833
8834
8837
8838
8839
8842
8844
8845
8846
8849
8854
8855
8856
8857
8858
8859
8860
8861
8862
8863
8865
8867
887
8874
8875
8877
8879
8881
8883
8885
8886
8888
8889
8890
8897
89
8906
8909
8912
8913
8916
8917
892
8926
894
9
90
9009
9012
9013
9014
9015
902
9022
9023
9029
9030
9033
9034
9036
9037
9038
904
9048
9052
9059
9061
907
9075
9076
9079
9080
9082
9083
9084
9085
9086
909
9092
9096
9097
9098
9099
91
9100
9101
9103
9104
9106
912
9145
9146
9147
9148
9151
9152
9153
9159
9161
9162
9165
9167
9175
9176
9178
9179
9181
9183
9185
9189
919
9190
9191
9192
9194
92
9201
9202
9209
921
9212
9216
9217
9220
9222
9226
9228
9229
9231
9234
9235
9239
924
9241
9242
9243
9250
9251
9252
9254
9258
9259
926
9261
9265
9266
9272
9275
9277
9278
9279
9280
9281
9284
9287
9288
929
9292
9294
9298
93
9301
9302
9303
9304
9305
931
9312
9318
9320
9322
9327
9328
933
9332
9336
9337
9338
9339
934
9340
9341
9342
9343
9344
9349
9350
9351
9352
9353
9354
9355
9356
9357
9360
9365
9366
9367
9368
9370
9374
9376
9377
9379
9380
9381
9382
9383
9384
9385
9386
9387
9389
939
9390
9392
9393
9394
9395
9397
9398
94
9400
9402
9403
9404
9405
9407
9410
9411
9413
9414
9415
9416
9418
9420
9421
9422
9423
943
9431
9434
9435
9436
9437
9438
9439
9440
9441
9442
9445
9450
9451
9452
9453
9454
9455
9456
9457
9458
946
9460
9461
9465
9470
9488
9489
9491
9492
9493
9494
9495
9496
9497
9498
9499
95
9500
9501
9506
9508
9509
9510
9511
9513
9514
9515
9516
9517
9520
9521
9522
9523
9524
9525
9526
9528
9529
9531
9532
9533
9535
9537
9538
954
9541
9542
9543
9545
9546
9547
9548
9549
955
9550
9552
9553
9554
9555
9556
9557
9558
956
9560
9561
9563
9564
957
9572
9577
9583
9585
9587
9592
9596
9597
9599
96
9603
9604
9605
9606
9607
9611
9612
9613
9616
9617
9621
9622
9623
9624
9626
9627
9628
9630
9632
9636
9637
9638
9640
9641
9643
9644
97
9758
9824
9836
9838
9842
9843
9844
9855
9857
9872
9874
9878
9880
9882
9885
9887
9889
9890
9891
9892
9893
9895
9896
9897
9898
99
9904
9907
9908
9909
9910
9911
9912
9913
9914
9915
9917
9920
9923
9930
9932
9935
9936
9946
9947
9949
9950
9956
9959
9960
9961
9962
9963
9969
9971
9972
9973
9974
9978
9982
9985
9988
9990
9992
9993
9995
9996
9997
9998
9999